239557417.0 1.35582962655 2.67662807537e-09 6.67429507256e-09 5.10318864281 48.9334501475 4.97210110145 25.3055311103 9.99955677752 0.130917126365 630.741311013 1386.50085667 0 156
242192617.0 2.09061923192 9.18314481983e-10 9.58356081795e-10 1.04055217105 8.66839023928 3.15657283771 50.5444601188 9.99999989767 0.00222176264739 1401.70668815 3414.39287154 0 0
244827817.0 1.81583262212 9.43341579004e-10 1.12142877734e-09 1.68444248892 4.3870717433 0.74157765646 60.6904870025 9.99999909924 0.0103287129352 997.499658761 2993.70677534 4.15670726387e-09 156
247463017.0 0.673177132034 1.50874076878e-09 1.09614568923e-08 3.05209161923 36.2189331849 4.99963282729 11.0405227642 9.91506942209 2.78589230175 586.700341242 1531.79880638 0 156
250098217.0 7.79757061636 2.49106989289e-09 1.30145976302e-09 2.48685965979 10.141096745 3.48993888947 22.7478885789 9.99961691354 0.155576931919 1530.50719354 1760.5768255 0 156
252733417.0 2.0757469096 5.6784320946e-09 5.60686136213e-09 15.7512122477 20.8092387418 4.95820774864 0.564523307679 9.82078896426 1.90192476212 427.761660802 175.585830131 0 156
255368617.0 5.47077640006 2.73711359229e-09 4.31068496365e-09 4.24600776754 10.3309874938 0.0174995596249 24.6981731127 5.30964662548 1.6906977835 800.812700928 1074.33753324 2.37727527711e-08 156
258003817.0 0.801922473183 2.12807440415e-09 2.33557952868e-10 4.74633912643 0.478978725105 3.67512068693 0.293216597833 9.91874769327 0.144670026326 665.191695425 9.81100309591 6.19200375457e-09 156
260639017.0 0.566207770607 1.0503941727e-09 2.30848694585e-09 2.55484604191 7.15800992847 1.59082279104 3.22401650786 9.76088058477 2.17768533291 718.24777669 546.472583328 5.78755461151e-09 156
263274217.0 -2.80967797153e-05 3.74695430964e-14 1.40636675774e-11 0.00961594777619 3.60921115634 2.321693382 0.07791138046 10.0 0.02544824222 665.495201 285.7297621 2.86067516481e-09 0
265909417.0 -1.65076926351e-07 3.89859812299e-16 0 0.0001 17.87136777 2.329411836 0.07791138046 10.0 0.02544824222 665.495201 285.7297621 2.90919280663e-09 156
268544617.0 -0.0010702998843 8.58646520837e-13 4.35120088743e-10 0.0022025213693 1.70775884343 2.32891308656 1276.98238939 9.99999047033 0.576895178657 665.495177031 122946.141783 0 156
271179817.0 4.09515648393 2.97760537768e-09 1.58206451747e-10 7.78891419647 0.403249570408 0.0186864347495 0.0210001110624 9.99414247658 0.0228564560661 665.620274742 8.00426299127 6.49064448403e-09 156
273815017.0 -3.20724211633e-08 2.11865828172e-16 4.98823695155e-13 8.66909902154 20014.8383696 1.78671661154 1860.40740346 9.98800629568 222.631945549 35.8444746125 151.484895669 0 0
276450217.0 0.323944346688 1.91587063447e-09 3.80567455013e-09 6.20007037171 24.0022644659 2.56382905305 21.0073418525 9.99977198655 0.10890426637 518.605029587 538.321109851 -3.5528281916e-08 156
279085417.0 0.016880588606 1.84280281288e-10 2.36506327921e-09 0.472930567949 8.61392562533 2.31801702 1.01569389837 9.995739541 0.0721596306365 665.495157571 3562.60752269 0 156
281720617.0 14.0994873726 3.38827271449e-09 4.56403739977e-10 4.11847529438 0.523048758324 2.26237690749 0.597679628051 9.99827092232 0.0483839950843 1410.34113252 40.4809319653 0 156
284355817.0 60.7906262365 7.75838302406e-08 5.92009076325e-09 39.6613829443 2.01554764788 2.14060351092 0.0465975956157 0.0889818048955 0.0210818481291 445.908587113 10.2642423568 0 156
286991017.0 150.728375731 9.81398279932e-08 1.8047049614e-08 31.4231855084 5.74589777499 1.92674441079 0.13003511336 0.180109228775 0.0795908029563 664.216301051 62.1938509919 0 156
289626217.0 77.9694696137 7.32833363364e-08 2.09814786329e-08 15.8153833974 39.2267256659 2.11453612156 0.193230320051 0.0334526255176 0.0840057047526 663.867193475 778.682392296 0 156
292261417.0 4.38905072556 1.15254597849e-08 5.0310941382e-09 29.8859890656 14.9063293738 4.77240052629 1.08823418252 9.63536159482 1.63127654567 466.864909606 51.9144298802 1.71541760063e-08 0
294896617.0 9.48537539999 1.76820809909e-08 9.44432719512e-10 10.7710282106 0.32979769082 1.88125367162 0.0480138764478 0.764072218813 0.044597740263 662.559750337 8.60521007811 0 156
297531817.0 31.1333549997 8.28972877766e-08 4.55655357323e-08 8.67608613015 1.62030142845 2.68731808533 0.244795839269 2.05246859009e-06 0.000314681645244 662.474451884 46.3429839669 0 156
300167017.0 311.145334733 2.09440570055e-07 2.31675014511e-08 54.8973485511 5.4912711044 2.20406112059 0.0807246997641 0.214199272894 0.0601131217672 666.875165216 30.9436024596 0 156
302802217.0 19.0851051081 1.96602279059e-08 2.77178839081e-09 11.38446334 1.0425744869 1.65019770202 0.125331810263 0.561519353215 0.0986720758165 659.626466211 27.9539013353 0 156
305437417.0 45.7120496664 5.09561503135e-08 2.08313865299e-08 13.8868011588 40.7076477433 2.06739502143 0.484333290606 0.143266344284 0.209318869896 659.966044341 933.741856332 0 156
308072617.0 22.682536282 3.74896133778e-08 1.64454884968e-08 7.71469056635 2.64743637982 2.14932459994 0.239112957779 0.0186092844639 0.0875665431332 659.722782707 105.254330979 0 156
310707817.0 11.0948488447 4.61752631393e-08 2.15527793149e-08 5.85811114724 25.6974884909 2.79792463299 0.971990869022 0.261283298419 0.357119228177 716.77613102 1119.69758557 0 156
313343017.0 26.529269583 4.41681715346e-08 2.02397547961e-08 9.62165279858 36.1878405303 2.15828342676 0.36295570295 0.057087034372 0.137770319338 659.775283519 1146.84958611 0 156
315978217.0 85.9553883692 7.58455250888e-08 1.97116875647e-08 22.5505961314 48.9461574709 2.18778811567 0.576640459986 0.279866914293 0.162737958926 660.978628734 652.279527406 0 156
318613417.0 609.599827214 2.12236227474e-07 1.48811873605e-08 59.2703439914 2.93533982971 1.89977547445 0.0410543781918 0.0715144862963 0.0180372178747 662.905597837 17.0526902595 0 0
321248617.0 153.232245894 1.64277782672e-07 2.320098237e-08 35.8116287167 4.84217861562 2.22698214059 0.0937455800662 0.104459943638 0.0597105459739 662.602088753 40.5731595531 0 156
323883817.0 19.6385460662 5.99591493874e-08 2.56599016721e-08 10.5138928957 42.7429271837 2.31751030195 0.299297793124 0.0304759724867 0.15709369536 660.23083289 1159.72397726 0 156
326519017.0 20.2041247974 5.14803554913e-08 2.48644855517e-08 8.75273335814 42.1777928696 2.29600972731 0.282054167252 0.000260804471649 0.0167962191317 660.16561801 1436.99102037 0 156
329154217.0 39.6247987114 6.22349629656e-08 2.05101705542e-08 12.6265116533 38.9702088711 2.24976342615 0.284660844472 0.069143080325 0.127733006597 658.932214107 903.910728201 0 156
331789417.0 53.0524383624 6.92110602714e-08 2.03804745323e-08 16.5154001718 4.64948374817 2.27630472738 0.187887708399 0.102298721456 0.120243716843 617.545449807 76.5637516127 0 156
334424617.0 67.5603740488 1.82280847397e-08 5.83253490799e-09 15.4043160599 9.33303253138 0.404438187156 2.09882776002 1.14158161056 0.746654029735 660.389791422 716.599932791 0 156
337059817.0 -2.50292941928e-09 4.8776208627e-16 1.26030480728e-13 0.146427759463 34.4305410795 3.1289659071 0.0974615911318 4.60804763225 0.2006845528 36.3575493069 117.285754376 0 156
339695017.0 1.60117562499 2.48958150612e-09 6.82052371753e-09 6.42789602948 64.8014016154 2.72651531265 56.6203068228 9.99726131687 0.353448231924 641.283406025 1658.54359385 2.93997075183e-08 156
342330217.0 -0.00374772725627 4.47171973076e-12 5.17739235562e-11 0.00827300572263 0.105353322364 2.22188339486 1.25234304539 5.44265929558 2.50993678387 664.291351748 3672.95734267 0 156
344965417.0 -8.23183218017e-05 3.8854634045e-13 1.05593511142e-10 1271.48580222 362509.695795 1.18220934454 37.3324438404 7.7199925735 5.54293426232 34.5367043947 27.0455288778 0 156
347600617.0 0.444299603056 2.88748741771e-09 3.74431952525e-10 13.9687979873 1.71673632492 0.0898417648464 0.339892904336 9.58566027798 0.540971862019 353.357463119 8.87563225358 1.22229047457e-08 156
350235817.0 -0.00109920545947 5.16504519979e-12 2.32012225756e-11 0.00957413499671 0.399230788632 2.48466674429 76.574683363 5.76682628634 166.982995075 664.30624483 7117.61607935 0 156
352871017.0 0.938665228896 1.62683360627e-09 1.08519458784e-08 2.8695057465 28.0739245571 3.03418855612 67.4188064141 6.0672922089 11.2756973076 664.371224811 2940.84636539 0 156
355506217.0 0.442740863247 1.89748626156e-09 2.9919990671e-09 3.58482451589 6.37394588917 2.9520212251 6.69664998274 6.60457937217 8.05617014528 664.383583425 319.425833661 0 156
358141417.0 2.02585672901 1.86443277766e-09 1.55001351618e-09 2.70434235033 2.59664089292 1.30118982249 2.94019060302 8.49280859656 4.03258353538 1130.51432792 323.699158015 4.57850035969e-09 0
360776617.0 9.47712302121 1.30729106268e-08 1.0582858422e-08 7.02238050238 32.3048165242 1.79900317028 2.94730107274 0.56566909447 0.475812990559 664.455749736 1694.62180122 0 156
363411817.0 1.76064042642 2.46348144553e-08 2.09686038181e-08 0.555764105808 5.6311907938 4.48135320963 3.2898071667 0.457146223917 1.37320966398 664.287707769 1468.99705982 0 156
366047017.0 8.49877116724 1.11991595109e-08 6.21337085993e-09 49.5775935695 112.657604127 1.54473006766 24.6717399542 9.99765184567 0.294601753797 399.992257673 518.876440917 0 0
368682217.0 10.4383580444 9.61765125491e-09 3.68932102406e-08 16.5908361795 81.1590988593 4.99999934839 0.0652693124647 9.32087928119 3.50449321613 650.098879963 658.446160838 0 156
371317417.0 22.0338798219 2.38011212318e-08 1.90619229679e-09 12.9442879556 0.666623384673 1.69424099171 0.0669113698929 0.522178643935 0.0508009295284 664.708374365 15.6627477373 0 156
373952617.0 5.03923939291 2.62631977797e-08 1.8882125504e-08 5.9851099976 40.8616380183 2.94926274482 3.11823939536 0.626316183793 0.569683923108 664.404741035 1532.48296634 6.75716157722e-08 156
376587817.0 3.84021785576 3.97573765516e-08 2.47920486369e-08 2.6619529786 16.9152558287 3.25830567481 1.21263569813 0.15746316966 0.764300943458 664.20627789 1336.91473564 0 156
379223017.0 3.70644832955 2.08938503746e-08 1.69334310141e-08 115.198182049 625.448994683 4.25293680148 27.9147781467 9.99986412839 0.0486211687227 248.489595223 354.153536921 0 156
381858217.0 4.13365134399 2.62005241385e-08 2.22777965202e-08 29.3782209037 216.251813546 4.86438169312 10.5036671461 3.60555118978 3.22109280391 349.03232149 521.113161977 0 156
384493417.0 1.52925831062 6.85523272553e-09 8.13968863214e-10 5.3531561248 0.469743793091 4.99999922128 0.00029963479747 4.67614905406 0.2698218641 664.18015439 12.7166090925 0 156
387128617.0 3.42257405986 4.08868013247e-08 3.22879579131e-08 114.739893892 1437.63961027 3.64580016434 21.5544817486 3.19941383771 3.74723871464 238.134786346 814.192434469 0 156
389763817.0 5.97663217317 3.61445666278e-09 1.86106832867e-09 7.38343836353 3.9685171064 1.19168248497 3.24196103689 9.6065404933 3.54778281804 855.219665368 140.038363422 7.80646741185e-09 156
392399017.0 1.26379223372 2.83085560827e-09 3.14516873423e-09 6.59633118248 49.7841536952 2.09881904517 43.4394871903 6.69112922851 10.2279957763 598.684627479 2043.04425668 0 156
395034217.0 7.73258019413 1.64920929434e-08 7.30366189231e-09 95.3538634947 289.288047564 2.16541816288 27.3166501042 9.9992296523 0.129542391809 298.262883357 408.468280632 0 156
397669417.0 3.27522932924 7.20371405651e-09 5.40792214057e-09 19.7169786674 33.5972900796 4.39283334549 6.90658605513 9.92036971411 1.45231597269 485.757276638 172.883240544 1.76435433175e-08 0
400304617.0 1.83189721545 2.6362104243e-08 3.43713366715e-08 457.771162391 1181.45105085 1.72607818604 43.4893551709 9.91174262127 2.28955007951 125.809896314 258.901771884 0 156
402939817.0 14.09261887 7.5449514908e-08 2.34761197133e-08 835.39985258 2743.16801721 3.59010949874 17.9489752029 9.99967452091 0.0662373649027 151.709059683 137.251024086 0 156
405575017.0 -0.00142469425919 2.97277025025e-11 3.69762799337e-09 0.000448609294609 0.197802370159 4.92911502204 0.407793701681 0.569366399761 2.02502010021 663.866300727 115509.961966 2.22691695385e-08 156
408210217.0 0.433287358203 1.80090906195e-08 5.26939268097e-09 0.0547990001752 0.0115643216454 4.99999858246 0.000626278155981 1.27665142347e-07 0.000136693628996 665.278061791 28.003267601 0 156
410845417.0 1.36581291538 2.08100787108e-08 2.71039835468e-08 0.0691878035283 0.802306280842 4.98251081916 0.323552975598 0.0182858496172 0.536199093313 664.063112554 1408.5685741 0 156
413480617.0 5.21414620813 6.79682684116e-09 3.3186686378e-08 12.036703345 79.6755981704 4.99983102468 1.63758215488 9.98988620256 0.969420637386 674.722214648 923.161488706 2.05438251216e-08 156
416115817.0 -0.00351184385363 1.57540022346e-10 2.63448556932e-09 0.362051464669 8.33927534394 0.0999786226933 34.3062443894 9.63461234586 25.560684885 746.164113456 2503.9317979 0 156
418751017.0 0.807049177063 6.35808892263e-09 1.10848316561e-08 31.5026719051 151.983297136 1.01114467459 67.1645784366 9.999993411 0.0208573343277 360.083136173 1203.33513654 0 0
421386217.0 1.08783284249 2.43738060793e-08 6.35309519022e-08 12.5053306423 39.8958635668 4.63162324393 21.0909887605 1.40251811195 14.6508829312 312.34923518 553.554740011 0 156
424021417.0 -5.04775671288e-05 7.58237841531e-14 1.16351504228e-10 0.000393132894469 0.736205334777 1.08128752636 1.06979431693 9.99999095265 0.00493735610725 344.048134169 116505.912565 0 156
426656617.0 -0.000103548693005 6.71294043987e-14 4.05048812986e-12 0.000108150590676 0.0103323903008 4.39449005416 2.30813117017 9.50119760016 3.07943802252 797.123561716 41286.8550665 0 156
429291817.0 2.5552155624 2.55964043391e-08 2.72113195353e-08 277.712286304 833.952063442 1.02234636724 40.7068483281 9.99999139999 0.0216142039069 166.472122624 347.230044278 0 156
431927017.0 -2.5087967515e-05 4.6711224815e-14 5.63657271738e-11 0.000125867461247 0.132449246811 1.09256445186 0.756705435031 9.99999049666 0.00355593530952 661.971987533 102300.058674 0 156
434562217.0 -0.000827918585856 2.88817021017e-12 1.74240419697e-10 0.0215292696199 10.2712470236 1.08154966927 0.482845403275 9.99999043804 0.00229202184772 239.316264621 100549.627125 0 156
437197417.0 0.34475826961 1.023299592e-09 1.91877011865e-09 2.24443403572 4.92093707122 0.989772654546 17.5205581421 9.97149139203 2.61702885003 812.269112737 712.611321019 0 156
439832617.0 0.290527550271 5.8758718158e-10 1.42032679813e-09 1.34754307392 4.5058092391 0.952182872524 36.9177186083 9.92951418556 3.60324498887 775.164221746 1443.99489014 0 156
442467817.0 0.611241449078 5.84833265968e-10 2.62494547102e-09 0.57385155259 3.04786170105 1.77948853331 3.352753804 5.77636302173 11.5654920797 1346.05932185 2182.81858935 0 156
445103017.0 15.9226169861 9.41684544029e-08 2.70584346786e-08 1.15609665419 3.80182369996 4.82690595224 0.607420830007 0.274281626776 0.351419853048 605.114439244 454.839538896 0 156
447738217.0 -0.00587887590518 4.60014894331e-12 6.70325453586e-10 0.00924379723786 2.80150638858 1.72278993183 0.278742711327 5.85300295041 0.537805097483 664.270386623 297255.236483 0 156
450373417.0 5.57785491995 6.59611191603e-08 3.18753594549e-08 0.0451484272627 0.243764684078 4.85354767914 2.12555966059 0.405833118494 0.42878585533 1560.263492 1658.71474414 0 156
453008617.0 1.34017851431 2.23979632186e-09 4.02767920739e-09 5.63433579706 6.71928606208 0.00343954495174 10.6618457108 9.9999951894 0.0130861027724 691.843639762 1905.33617609 0 156
455643817.0 1.56679341896 2.54335735385e-09 2.11599723742e-09 6.30645294319 7.24848081756 0.248360579134 51.9267743768 9.99635451014 0.405366905559 709.303139061 1920.80986177 0 156
458279017.0 46.1816953855 6.26024705933e-08 2.18349634498e-08 11.0677306477 33.4206629526 2.28902592908 0.243188878764 0.0254575598251 0.119681722671 664.486556203 870.53234842 0 156
460914217.0 5.10916693311 1.28525590628e-09 2.22975165691e-09 0.513678895947 1.10489391254 0.00729512643898 1.34115010808 0.545034361182 0.784848260116 664.311321534 3631.18328027 1.3432932208e-08 156
463549417.0 -0.00104847131297 9.56292190153e-13 4.32831697261e-10 0.000579765746773 0.362736929224 0.169577128232 0.874813710749 0.787609365727 1.50260552017 664.319383703 114044.968364 0 156
466184617.0 2.25857344613 1.27336162153e-09 1.71375719597e-09 1.91154676068 10.9913214292 1.98047857557 46.775703702 9.99784637853 0.280141339374 1160.12631433 2792.55076197 0 156
468819817.0 12.5701353783 6.97632388758e-08 2.59455306569e-08 3.84311237545 15.3727503355 4.28149650878 1.72366207688 0.736786086194 0.648485425004 664.017665086 628.367665397 0 156
471455017.0 7.5989161699 4.289418807e-08 2.80804400536e-08 4.75584572485 24.6055417713 2.69158410271 0.47038553629 0.0283436514858 0.30554905332 661.018920271 1268.12761566 0 156
474090217.0 25.0112034185 3.29608826489e-08 1.73585593382e-08 13.6250558142 47.9823689496 2.26312125218 1.69945003138 0.540222715047 0.442654677884 632.159654213 979.154325526 0 156
476725417.0 19.6408677297 1.89348046901e-08 1.20059631415e-08 9.47045697344 32.1399578428 1.6210571818 1.65716158416 0.397179233192 0.298702818276 664.58566236 1372.2006383 0 156
479360617.0 17.8337411453 8.52250574381e-08 2.38626707905e-08 3.61909057523 12.0934555534 4.12376291957 0.970904893948 0.508447186165 0.475075319699 664.527749557 563.963755732 0 156
481995817.0 6.93628569244 1.08368474902e-08 1.8399091969e-08 3.33477384722 27.9420400702 1.83810154467 0.946931769643 0.106658463397 0.317747592819 664.5373755 2882.30814752 0 156
484631017.0 1.52452271228 2.34186491939e-09 4.19795588095e-09 1.596769285 12.4091870731 0.786723934039 19.697436289 1.17049592124 2.64774326168 886.791824745 8320.71807368 -2.03858006219e-12 156
487266217.0 4.30219470517 5.07104659831e-08 2.77632865472e-08 1.56953258554 8.93826430327 3.59175762512 2.23941495334 0.0432624173863 0.874333790601 670.042098044 1083.72850909 0 156
489901417.0 0.994459081092 1.26399784845e-08 1.82188909306e-08 2.91751938583 47.579717245 4.96747162535 4.66939174149 1.8359475783 5.30311807829 474.303869552 1925.53602604 0 156
492536617.0 1.31495823595 2.24283553094e-08 2.29925406532e-08 0.435578833761 5.38199217456 3.91009355254 3.33200516572 0.00320893626951 0.138928606484 649.426421177 1850.02549627 0 156
495171817.0 10.3906355109 9.20951117957e-09 3.78047229427e-09 21.1121422191 24.8517456707 4.5045887477 5.06075784493 9.99898888529 0.115730224952 572.456159688 141.946055051 0 0
497807017.0 14.5354050543 3.51755218901e-08 3.79485625606e-08 8.59363291778 11.8470130576 3.86968813267 5.04778917765 1.38325293091 5.03597733079 664.572047181 371.017871681 0 156
500442217.0 3.03095654515 3.84528524545e-09 3.08845241928e-09 11.7553829246 18.6561299151 0.593935347113 39.3234427856 9.99900533726 0.192242316322 581.17217396 1141.43072582 1.02526952396e-08 156
503077417.0 1.15974356048 1.55385087794e-09 7.93020681388e-09 2.34437788289 16.4489987831 0.0259160231672 11.8193152031 5.13851065715 12.520169506 809.425738168 3430.61841002 0 0
505712617.0 4.4728261946 1.17796477132e-09 8.26438349251e-10 1.18028138274 0.857018278705 1.36662181571e-08 0.000382400501092 9.95143013064 0.805463320633 1732.22461318 313.3320634 2.76354686522e-09 0
508347817.0 5.58937238995 5.40496605427e-09 4.03456995929e-09 6.00449395404 4.36659995221 1.28026551088 1.71918630419 1.76431011723 1.39876285725 667.323553825 251.714380058 2.34640491578e-08 156
510983017.0 7.08973343077 3.59133374692e-09 1.2267530929e-09 3.79324877889 1.29535054335 0.0381684850676 0.76529078341 3.29687106593 1.03113195685 904.178425005 120.059800638 6.41225500941e-09 156
513618217.0 4.17148736981 2.61137164469e-08 4.98794140451e-10 5.03300076389 0.0405354326073 2.60504738205 0.00974820613773 0.279689205728 0.0071240642207 664.574712742 2.19366859777 0 156
516253417.0 3.12713525561 4.09657399857e-08 3.34315983506e-08 2.906549034 20.6111769492 3.13097510266 1.05530375334 0.127341075881 0.661772891003 677.020556234 1442.01602267 0 156
518888617.0 2.91909797367 7.0613387393e-09 8.05857430193e-09 20.1646859889 141.087858899 4.10574036072 36.9970705293 9.47465901654 4.42588686325 471.486952149 881.247654462 0 156
521523817.0 3.38927854225 2.39127780725e-08 2.10368675358e-08 2.23735780746 13.803268076 2.82816332554 0.722020949097 0.0389922804941 0.452043808424 664.212696914 1441.90267074 0 156
524159017.0 4.63897453307 2.98660161743e-08 5.89245247244e-08 122.844197371 904.604613961 4.93410427948 5.06120647204 6.46723077837 12.2481514294 205.763520112 367.409523578 5.3926179627e-08 0
526794217.0 -0.00132720672991 2.34400537612e-11 9.65379240468e-10 0.000175067494802 0.0644023225644 4.83855372574 0.697072834477 0.232571930915 1.43834984087 664.03062468 65012.6241765 1.02694150583e-08 156
529429417.0 1.39283115015 2.52406629883e-08 2.87351836102e-08 0.0775334811438 0.892563254455 4.99999524795 0.00783939204255 9.32257969433e-06 0.00695562234643 664.024896522 1466.28885036 0 156
532064617.0 1.38092769298 2.66596146096e-08 2.86574182712e-08 0.120815390618 1.40140454639 4.9999952359 0.00676572494143 0.141950005803 0.652586748599 664.025673737 1497.68408398 0 156
534699817.0 -0.00141195842298 1.08439429073e-10 4.18679986846e-09 0.000476659244469 0.00799014070973 4.88382063138 0.101989214757 0.0611109059158 0.103115261955 664.025809766 7839.69321284 0 156
537335017.0 13.0401962049 1.51882928713e-08 1.48473536253e-08 5.05925374272 24.1319240528 1.74544629982 0.847588638672 0.117544111626 0.215573637001 664.662735026 1804.90645782 0 156
539970217.0 13.1504765411 3.9355966668e-08 2.723393014e-08 16.4409346651 32.5298244187 4.99630816714 0.197949501817 2.63523272494 2.30525678338 495.23935499 222.182688156 0 156
